128	128
196	195	197	198	197	194	194	197	192	193	196	201	205	210	213	214	211	208	199	191	191	193	192	192	192	193	197	202	206	206	203	200	202	204	206	206	207	209	211	212	211	213	216	217	215	212	209	208	206	208	212	217	223	230	235	238	235	235	235	235	234	234	233	233	233	231	231	232	229	223	219	217	218	218	218	217	217	220	221	221	217	205	204	206	203	206	209	201	197	203	208	207	205	206	212	216	216	218	216	210	212	221	226	224	219	218	217	220	223	224	219	213	216	215	216	217	218	218	216	214	215	216	218	217	215	213	216	221
192	192	194	196	194	192	192	195	189	190	193	197	199	201	204	207	209	206	197	190	190	192	192	193	194	194	195	200	204	205	204	202	200	201	203	205	206	207	208	209	208	209	211	212	212	211	210	209	205	206	209	214	222	229	233	235	231	231	230	230	229	229	229	228	230	228	227	228	225	219	215	213	214	216	217	215	213	213	214	214	208	198	198	200	197	200	204	198	196	199	202	203	202	203	206	209	212	216	215	212	214	220	223	220	214	213	212	213	217	218	215	210	212	213	215	217	219	219	217	215	218	219	220	218	215	214	216	218
188	189	191	193	191	190	191	194	191	190	192	195	195	194	197	203	208	205	197	189	189	191	192	195	196	193	193	197	202	204	204	203	198	199	201	203	205	206	205	205	204	205	205	207	208	209	210	210	207	206	207	212	220	226	228	228	228	228	227	226	225	225	225	225	227	225	225	224	222	217	212	210	210	213	215	212	207	205	204	204	201	194	195	198	195	197	202	199	198	198	199	202	203	201	202	205	208	212	214	213	214	218	218	215	214	212	210	210	212	214	213	209	209	210	213	217	220	221	219	217	219	221	221	217	215	217	218	217
185	187	190	190	189	190	193	196	195	191	191	195	195	192	194	201	207	205	196	189	189	189	191	195	197	194	192	197	202	204	204	204	201	200	200	201	203	204	204	203	203	203	203	204	206	207	209	210	211	209	209	213	218	222	223	222	225	224	223	222	222	222	223	223	224	223	223	222	219	215	211	208	206	210	212	209	205	201	199	197	197	195	198	200	197	198	202	202	200	198	199	203	204	201	201	204	206	209	212	211	212	214	214	212	216	215	212	210	211	214	214	213	209	210	213	216	220	221	219	218	218	221	220	217	216	219	220	217
183	186	188	188	188	190	194	197	196	190	188	192	193	192	193	199	203	202	195	189	188	188	191	197	199	195	194	200	204	205	204	205	205	201	199	200	201	201	202	204	205	205	205	205	205	206	207	208	213	212	212	214	217	219	220	219	220	219	218	218	218	219	220	220	220	220	220	218	216	214	210	207	205	207	208	206	204	201	198	195	195	195	198	199	197	196	199	201	199	198	199	203	202	199	200	204	206	207	208	208	208	209	211	212	214	213	210	209	210	214	217	218	213	212	213	215	217	219	219	218	217	220	220	216	216	219	219	216
184	186	186	185	186	190	194	197	195	189	186	189	192	193	195	199	199	198	193	189	187	187	190	197	200	196	197	203	207	205	205	206	207	202	198	198	199	199	202	206	208	209	210	208	206	205	206	208	211	211	212	214	216	218	219	218	216	216	215	215	215	216	217	217	218	219	218	217	216	215	212	209	205	206	206	205	203	202	199	197	195	196	197	197	197	196	197	199	200	200	201	202	200	198	200	205	207	206	205	205	205	205	208	211	210	210	209	208	210	215	220	222	216	215	213	214	215	217	217	217	217	219	219	217	216	218	218	216
188	187	185	183	184	190	194	195	194	190	188	189	192	195	198	201	199	199	195	190	188	186	189	197	199	196	198	204	206	203	203	206	206	202	199	199	198	199	203	208	211	212	213	210	206	205	207	210	209	208	208	211	215	217	217	215	213	213	212	212	212	212	212	212	215	217	217	216	215	216	213	210	208	209	209	206	204	203	203	202	200	199	196	196	197	197	198	201	201	202	203	201	199	199	202	204	205	204	204	205	204	203	205	209	210	211	210	209	211	215	220	222	217	215	213	213	215	216	217	217	217	218	219	218	217	217	218	218
191	190	186	183	184	190	194	194	192	191	189	189	190	195	200	203	202	202	198	193	190	186	188	196	198	195	197	202	203	200	201	205	205	201	199	200	199	199	204	210	212	214	214	211	206	205	209	213	208	206	205	208	213	216	215	212	209	209	209	208	208	207	207	206	212	214	214	213	213	214	212	209	212	213	213	209	205	204	205	207	203	201	196	194	197	198	199	203	202	203	202	199	198	199	201	201	204	203	204	206	205	202	203	207	211	212	212	210	210	213	217	220	216	215	213	213	215	217	217	217	215	215	217	219	219	217	219	221
199	196	193	190	190	191	192	193	193	190	187	188	193	199	203	204	202	200	197	194	190	189	191	195	197	196	198	200	199	196	196	200	202	200	197	196	197	199	201	202	211	215	215	208	201	201	206	209	210	206	203	206	212	215	213	209	206	207	208	207	206	205	205	206	207	209	211	211	210	209	209	210	212	213	213	211	207	204	204	205	201	199	198	198	200	201	201	201	203	203	201	199	200	201	200	198	200	203	206	206	204	203	205	208	207	211	213	212	210	211	212	213	212	214	214	211	212	216	218	218	216	218	219	219	219	220	219	217
203	200	196	193	192	193	193	194	194	192	191	192	196	200	203	204	200	199	197	194	190	188	191	195	198	197	199	201	199	195	194	196	198	197	195	194	195	197	198	199	206	210	210	206	201	202	206	209	208	205	203	205	210	212	210	207	203	204	204	204	203	203	203	203	203	204	206	207	206	206	206	207	212	212	212	211	208	206	205	205	204	203	201	200	200	201	201	201	202	201	200	199	199	200	200	199	200	202	204	204	203	203	205	207	208	211	211	210	209	209	209	209	211	212	212	212	212	214	217	217	217	219	220	220	220	220	219	217
206	203	199	196	194	195	196	196	195	196	196	198	199	201	203	204	200	200	200	198	194	191	193	197	198	198	200	202	199	194	192	193	195	194	194	194	195	196	197	197	202	204	205	203	201	202	204	206	205	204	203	204	207	208	207	206	201	201	202	202	201	200	200	200	200	202	203	205	206	206	206	206	210	210	210	209	208	206	205	204	207	205	203	201	200	201	201	201	201	201	200	199	198	199	200	201	201	202	203	203	202	202	204	206	207	208	208	207	207	207	207	206	210	209	210	211	212	212	214	216	217	219	220	219	219	219	217	216
205	203	199	197	196	197	198	199	198	200	202	203	202	202	202	203	202	203	204	203	199	196	196	199	199	198	199	200	198	194	192	193	195	194	194	193	194	196	197	198	200	201	201	200	200	200	201	201	202	202	202	203	204	205	205	205	201	201	201	201	200	199	199	198	199	200	202	204	206	208	208	208	208	208	207	208	207	206	204	202	206	205	203	201	200	200	199	199	201	201	200	199	198	198	200	202	203	203	202	201	201	202	203	204	203	204	204	204	205	207	207	206	208	207	208	211	211	210	211	215	216	217	218	217	216	216	214	212
206	203	200	198	198	199	200	200	201	204	206	206	203	201	201	202	203	204	205	205	202	199	198	200	200	199	198	197	195	193	193	194	195	194	192	192	192	194	197	198	198	197	197	198	199	199	198	197	199	200	201	202	203	203	204	204	202	201	201	200	199	199	197	197	197	198	200	203	205	207	207	207	207	206	206	206	206	205	202	200	203	202	202	201	200	199	198	197	200	199	199	199	197	196	197	200	204	203	201	200	199	200	200	201	203	203	203	203	205	208	209	207	207	206	206	209	209	208	209	213	214	215	216	215	214	213	212	210
207	205	203	201	200	200	200	200	203	205	206	206	203	201	201	202	205	205	206	207	205	202	200	200	201	199	197	194	192	192	192	193	193	192	190	189	188	190	193	195	195	193	193	195	198	198	197	197	196	198	199	200	201	201	202	202	200	199	199	198	198	197	196	195	196	198	200	202	204	205	206	206	206	205	205	204	204	203	201	199	199	200	200	199	198	197	196	196	198	196	196	197	196	194	194	197	201	201	199	198	197	196	197	198	204	204	204	204	205	208	208	207	206	206	206	207	207	207	208	211	213	214	215	214	213	212	211	209
206	205	204	203	202	202	201	201	202	204	204	203	202	201	202	204	206	205	205	207	206	203	200	199	198	196	194	191	190	191	192	192	192	191	190	188	187	188	190	192	192	190	189	193	196	196	196	196	195	196	197	199	199	199	199	199	197	197	196	196	197	196	196	195	197	199	201	203	202	202	203	204	204	204	203	202	201	199	198	197	197	197	196	195	193	193	194	195	196	193	193	195	196	193	192	194	199	199	198	197	195	195	196	197	204	204	204	203	204	206	207	206	206	207	206	205	205	206	208	209	211	213	214	213	212	212	210	208
204	203	203	203	203	203	202	202	202	202	202	201	201	201	203	205	204	202	202	204	204	201	198	196	193	193	191	189	189	191	192	192	191	191	191	190	188	189	190	191	191	189	188	192	194	194	194	194	194	195	196	197	197	197	197	196	195	195	195	195	196	197	196	195	197	199	201	202	200	199	200	200	202	202	201	199	197	196	195	194	195	195	193	191	189	190	192	194	195	192	191	195	196	194	193	194	197	198	198	197	195	195	196	198	201	202	202	201	202	204	206	206	205	207	207	203	203	206	208	208	210	212	213	212	211	211	210	208
204	203	202	203	204	205	203	200	202	201	201	201	201	201	201	201	204	201	199	201	202	198	193	191	191	190	190	190	190	191	192	192	193	192	190	190	191	192	192	192	193	192	190	189	192	195	196	195	194	193	194	196	197	197	195	195	198	197	197	199	199	196	195	196	198	197	202	200	199	199	197	200	198	199	197	199	198	192	200	194	198	195	190	187	187	189	191	193	194	192	191	193	195	194	192	191	195	195	194	194	196	198	197	195	198	199	200	200	202	204	205	205	206	204	204	204	206	207	207	206	210	210	211	212	210	208	208	209
205	203	202	203	204	205	204	202	201	200	198	197	198	199	199	198	198	197	197	198	197	193	191	192	188	188	188	189	190	191	191	191	192	192	191	190	190	190	192	193	193	191	189	187	189	192	193	192	191	191	192	195	197	197	197	197	200	199	199	201	201	199	199	200	199	198	200	198	196	196	204	197	205	192	201	195	195	198	192	200	194	193	192	191	191	191	193	194	195	193	192	193	194	193	193	193	194	194	193	193	195	198	198	196	197	198	199	200	202	205	206	207	206	205	204	205	206	207	206	205	208	209	211	212	210	207	207	209
206	204	202	202	203	204	204	203	199	199	197	194	195	198	197	194	193	194	194	194	191	188	189	191	186	186	186	187	189	191	191	190	192	193	194	192	190	190	192	195	193	193	190	187	186	189	191	192	190	191	192	194	196	197	197	197	198	197	198	200	201	200	200	200	200	199	200	198	196	193	205	196	199	201	197	194	189	186	191	192	192	193	193	192	192	192	194	195	197	195	194	194	193	193	194	196	197	195	193	192	195	198	198	196	196	198	199	200	202	205	206	206	206	206	205	206	207	207	206	205	206	207	209	211	209	207	206	207
207	204	201	200	201	202	201	200	198	198	196	194	196	199	197	192	193	193	192	190	187	185	187	189	186	185	185	186	188	190	192	192	193	194	195	193	191	191	193	196	195	194	192	188	187	189	191	193	192	193	193	193	194	195	195	194	195	195	196	198	199	199	200	200	201	201	201	204	198	196	196	200	197	199	196	184	187	193	191	187	194	194	193	192	190	191	194	196	199	197	196	195	194	193	196	199	201	199	196	194	196	198	197	195	197	199	201	202	203	205	205	203	206	205	205	205	207	207	205	204	205	204	206	208	209	207	205	205
208	205	201	200	200	200	198	197	196	197	197	196	198	200	196	191	193	191	189	186	184	185	187	188	187	187	186	186	188	190	193	194	194	194	193	193	192	193	193	194	193	193	192	188	187	189	191	193	192	193	192	190	190	192	193	192	195	196	196	197	198	200	201	201	202	203	201	205	198	199	182	192	193	186	192	191	196	184	183	194	192	193	194	193	191	191	193	195	197	196	196	195	194	194	196	199	201	200	197	195	196	197	196	195	195	199	202	204	206	206	205	202	205	204	204	204	205	205	204	203	204	202	202	205	208	208	204	202
207	204	202	201	201	200	198	196	195	195	197	199	200	198	194	191	191	189	186	183	183	186	187	187	188	189	189	188	188	190	193	195	194	193	192	192	194	194	192	191	190	191	190	188	187	188	190	190	191	192	191	187	187	191	193	193	196	196	196	195	196	199	201	201	200	202	197	199	192	198	167	144	198	191	198	129	149	195	188	185	188	191	194	196	195	194	193	193	193	194	195	196	196	195	196	198	198	198	196	193	193	194	196	195	194	198	203	206	208	208	206	204	204	202	201	201	202	203	202	201	202	199	199	203	207	207	204	201
205	204	203	203	204	203	200	198	198	196	197	201	201	196	192	192	191	189	186	182	182	185	187	187	188	190	191	191	189	189	191	194	194	193	193	194	195	195	193	191	189	191	191	189	189	189	189	188	191	192	191	187	187	193	197	198	197	197	195	193	193	197	199	200	198	201	198	194	191	194	159	65	176	170	159	3	35	164	190	187	190	192	195	197	197	195	193	191	191	192	194	198	199	198	198	198	197	197	194	190	188	190	194	196	195	199	203	206	208	209	207	205	202	200	198	198	199	200	200	200	200	198	198	202	204	204	203	202
204	203	203	205	207	206	204	201	201	197	198	202	201	195	192	194	192	191	188	183	182	184	186	186	186	190	193	193	190	188	190	193	195	195	196	197	197	196	194	192	191	192	192	192	192	192	190	188	193	194	192	188	189	195	200	201	198	198	196	192	193	197	200	200	199	205	204	197	195	194	157	3	63	132	135	90	92	87	181	189	195	195	195	196	196	195	193	192	190	191	195	200	202	201	199	199	199	198	194	188	185	187	193	196	198	201	204	206	207	208	207	205	201	199	197	196	197	199	199	199	198	198	199	201	202	202	202	203
199	202	204	203	205	208	207	204	202	199	198	200	199	193	190	190	196	193	188	186	185	186	186	186	188	189	190	190	191	191	190	188	196	192	194	200	200	194	190	192	191	190	193	192	187	189	191	185	194	192	190	192	192	194	200	199	198	195	197	193	198	193	197	196	197	207	198	197	193	166	134	40	46	52	77	88	111	85	157	195	197	191	193	199	192	197	190	192	189	190	195	200	202	202	200	200	200	196	195	195	193	192	194	199	199	202	205	206	207	207	205	201	199	199	197	195	194	195	199	202	200	199	199	199	200	202	203	204
196	200	203	204	205	207	206	203	199	197	196	198	196	192	191	192	198	196	193	191	190	189	188	188	186	188	189	189	188	188	186	184	192	191	193	198	198	193	192	194	198	191	190	193	190	190	190	186	182	193	195	189	193	195	190	196	194	195	195	193	195	194	196	197	197	188	195	195	154	85	76	15	74	101	42	0	25	70	58	168	201	199	200	193	196	193	194	190	192	192	195	199	201	201	201	201	200	197	195	195	196	197	199	202	201	202	203	203	204	205	203	199	199	200	199	196	192	192	196	199	200	200	199	199	199	200	202	204
192	197	202	204	206	207	205	202	199	197	196	196	194	192	193	196	200	199	197	194	192	190	188	187	186	189	191	190	189	188	188	187	190	191	194	195	194	191	191	192	195	192	193	191	186	185	188	188	188	189	189	185	195	200	188	189	193	194	191	192	194	194	189	188	185	194	185	163	52	64	53	80	78	116	86	23	79	92	17	58	153	210	201	189	192	183	190	197	192	193	195	199	200	200	199	200	201	199	197	196	199	203	205	205	205	203	201	201	202	204	202	198	199	200	200	197	192	191	194	198	200	200	200	199	198	200	202	204
189	195	201	203	205	206	205	202	201	200	200	198	195	193	196	200	203	200	196	194	193	192	190	188	187	190	192	191	190	191	193	194	190	192	195	196	196	196	195	194	190	193	194	191	189	193	197	195	191	186	190	193	189	187	188	190	194	194	195	194	198	194	193	193	190	177	150	109	38	70	47	95	82	83	95	85	97	26	50	32	46	132	190	199	202	196	189	187	190	192	196	200	201	199	198	198	200	202	200	198	199	204	206	206	206	205	202	202	202	203	201	200	199	200	199	197	194	193	196	199	199	200	201	201	200	201	203	204
188	195	200	202	203	205	205	203	202	203	203	201	198	197	199	203	206	200	194	192	192	193	192	190	189	191	192	191	191	193	196	198	198	197	197	197	197	196	192	188	195	194	191	189	190	189	186	184	189	195	189	190	189	183	187	187	191	188	195	189	192	182	181	170	136	87	40	31	65	96	92	85	53	42	93	85	50	44	82	57	58	68	167	192	188	196	198	191	193	194	197	200	200	199	200	202	201	204	204	200	199	202	204	204	205	205	205	204	203	202	202	202	201	200	199	197	197	197	198	199	197	199	201	202	203	203	205	205
189	196	201	203	203	205	206	205	202	203	204	203	200	199	200	202	201	196	190	189	190	192	191	190	194	195	195	193	192	195	198	199	201	198	196	198	201	200	197	196	189	189	190	193	192	184	183	192	179	195	188	182	190	189	188	194	201	192	194	185	180	169	145	103	0	0	35	75	91	115	125	129	140	111	105	93	60	11	60	84	57	60	112	192	197	198	199	200	199	198	198	199	199	200	203	207	204	207	208	206	204	204	206	208	205	205	206	206	204	202	202	204	206	203	200	198	199	199	200	200	197	198	200	203	204	206	206	206
190	197	203	204	204	205	206	205	203	205	206	205	202	199	198	197	192	190	189	188	189	190	189	189	197	198	197	196	196	198	199	199	196	190	188	191	193	193	194	197	197	196	185	171	159	143	131	130	138	138	166	179	182	188	178	176	170	170	165	147	119	126	101	49	36	14	66	80	78	87	124	171	136	110	83	35	88	123	107	40	47	98	85	160	208	206	198	202	200	199	199	199	198	199	202	206	205	206	208	210	209	208	209	211	208	207	206	207	206	204	204	206	207	205	202	199	199	200	201	201	198	198	199	201	204	206	207	207
190	198	205	206	205	206	206	205	206	208	209	207	203	199	195	192	186	188	190	191	191	190	189	189	197	198	198	197	198	200	200	199	199	188	178	172	163	152	149	152	154	150	124	98	95	90	64	37	57	2	60	118	137	154	114	66	83	104	99	69	14	49	53	23	20	42	74	64	57	64	105	136	97	88	81	47	20	97	106	97	16	72	68	73	183	208	201	194	195	196	198	199	198	197	197	199	202	201	204	208	210	208	209	211	212	209	207	208	208	207	206	208	206	205	203	200	199	199	202	204	200	198	197	199	203	206	207	207
189	194	199	203	204	206	207	207	208	209	207	202	200	199	197	193	190	192	191	192	195	193	190	191	196	196	198	198	197	196	199	203	209	199	194	196	183	171	164	139	128	122	110	130	136	122	108	128	118	117	82	7	0	71	88	42	33	44	55	48	71	62	30	27	38	74	79	47	51	71	143	135	68	74	73	78	66	52	53	121	102	20	44	0	80	189	201	202	199	195	198	196	196	195	207	195	200	200	203	207	208	208	210	213	212	210	207	206	209	212	211	208	209	207	203	200	199	201	202	204	200	201	202	204	205	205	206	207
187	191	196	199	202	204	205	205	208	206	203	199	197	197	197	196	196	195	192	192	195	193	190	190	196	195	195	197	199	198	195	191	183	197	191	183	185	181	168	156	154	151	147	133	119	103	114	104	73	108	103	82	66	108	98	48	28	29	15	66	67	8	30	34	45	95	88	15	53	130	118	91	48	65	48	52	81	79	33	74	106	79	50	54	0	146	200	201	195	196	200	196	198	194	200	201	201	201	204	208	210	209	210	211	213	211	208	208	210	212	211	208	207	205	203	202	202	202	201	199	202	203	205	206	206	207	208	210
187	190	194	199	202	203	204	204	205	202	199	198	197	195	194	195	198	196	192	191	195	195	192	191	193	196	196	193	192	195	197	196	202	198	197	192	191	194	182	167	173	183	175	175	173	174	155	142	117	100	100	93	93	67	69	62	62	39	48	82	40	22	35	46	67	98	109	131	128	100	44	44	67	57	58	34	9	77	102	58	61	95	92	88	0	109	195	200	201	202	200	192	201	202	201	205	202	203	206	210	213	213	212	213	214	213	210	209	211	212	211	208	207	205	203	203	205	205	202	200	205	206	207	207	207	208	210	212
187	189	194	200	203	204	203	203	203	199	199	200	199	194	190	190	194	193	188	188	194	196	194	194	196	199	196	189	185	186	188	187	191	183	195	194	182	182	184	188	171	180	174	183	183	184	159	171	162	159	152	134	134	133	103	75	56	62	98	31	18	27	49	48	94	118	83	143	142	75	39	56	10	18	47	77	62	40	145	98	111	124	90	135	108	24	159	204	201	202	203	196	202	209	206	207	203	204	206	210	213	214	214	214	215	214	212	210	211	212	211	208	210	207	205	204	206	207	207	207	207	208	208	207	206	207	210	213
186	188	193	200	204	203	201	200	201	198	198	200	199	194	190	188	188	189	187	187	192	196	194	193	194	192	187	184	186	187	178	166	162	158	145	125	128	137	131	136	137	142	147	148	157	144	154	144	146	135	113	100	97	84	73	63	61	97	55	6	27	22	56	46	105	120	68	72	80	86	73	46	60	45	10	36	62	76	133	124	100	124	77	142	128	94	70	186	200	200	205	208	203	204	205	207	206	207	208	209	211	213	214	214	216	216	214	212	212	213	212	210	212	211	210	208	207	208	209	209	207	208	208	206	205	206	209	211
186	188	194	201	204	202	200	200	200	198	196	197	197	195	192	190	185	190	191	190	193	193	190	189	190	185	177	169	164	157	145	134	122	118	108	94	105	126	103	57	35	73	66	56	80	75	82	54	44	69	66	47	30	3	44	55	82	62	0	28	17	24	43	61	143	171	103	73	90	76	49	49	53	64	58	36	0	70	119	126	128	73	104	93	86	116	55	139	205	207	202	210	207	203	205	208	212	213	213	212	212	213	214	215	217	218	217	215	215	215	214	213	212	213	214	213	210	208	207	207	209	208	208	206	206	207	209	210
187	189	194	201	202	199	198	200	199	198	197	196	196	196	192	188	186	195	199	196	195	192	187	185	176	177	179	179	178	176	175	175	167	151	143	128	107	115	113	69	57	97	87	35	60	74	54	55	31	73	86	80	28	19	45	81	69	11	31	38	17	36	73	105	139	161	119	105	91	48	24	14	1	6	22	46	67	65	111	93	160	116	123	141	85	53	98	50	167	208	203	205	208	207	208	209	214	217	218	216	214	215	217	217	218	219	219	217	217	217	216	215	214	214	214	213	211	210	209	208	212	211	209	208	209	210	210	211
186	187	192	197	198	195	196	199	196	198	199	198	198	196	190	183	187	199	204	201	197	191	186	183	181	182	187	194	199	197	192	188	192	177	171	176	156	129	119	101	79	57	80	0	43	73	35	41	32	42	81	69	44	47	50	86	42	27	52	21	24	59	107	105	112	135	115	81	48	31	21	18	15	13	23	28	54	74	75	87	84	128	108	162	145	66	76	74	95	196	211	204	206	207	209	209	211	216	219	217	215	215	217	217	217	219	219	218	217	217	217	216	217	214	212	210	211	212	213	213	214	213	211	210	211	212	212	212
182	186	191	193	194	196	197	197	197	197	198	199	196	192	189	188	191	198	203	201	193	186	184	184	176	175	183	184	186	183	168	171	168	166	165	163	168	162	157	154	148	140	118	92	103	96	73	55	56	51	80	84	64	19	76	61	2	40	40	22	34	101	105	93	124	107	71	66	48	29	28	40	40	19	44	29	45	55	62	78	69	77	128	153	164	136	96	77	30	128	210	208	206	203	208	211	210	211	212	212	212	214	217	220	219	220	221	221	219	217	217	218	217	213	212	215	215	212	211	213	213	212	212	213	212	211	212	213
183	186	189	191	193	196	197	197	196	196	197	199	198	195	193	193	194	200	204	199	190	185	182	182	172	168	157	168	152	134	139	153	125	102	87	79	85	90	100	110	115	106	94	94	111	91	63	72	67	13	49	51	34	70	99	2	30	47	24	0	104	135	115	132	156	142	80	48	32	45	45	47	41	37	41	47	42	34	45	46	66	44	64	91	95	147	165	101	49	28	159	208	199	202	213	200	209	210	212	212	213	214	217	219	217	218	219	220	219	219	219	219	217	214	213	215	215	212	211	212	213	212	212	212	213	212	213	214
183	185	187	188	191	195	197	197	195	195	196	198	197	196	196	197	193	199	200	194	187	183	179	174	173	160	146	134	105	84	86	68	67	45	38	11	54	43	36	26	33	22	4	24	62	40	5	40	44	9	47	84	48	102	57	2	45	31	3	36	124	105	88	145	171	146	103	88	39	30	28	17	19	36	30	45	30	30	42	32	44	83	87	37	51	70	129	132	94	42	67	181	204	199	198	211	209	210	212	214	215	217	217	218	217	217	218	219	221	221	221	220	219	216	215	217	216	213	212	214	214	212	212	213	213	213	213	215
182	185	186	187	189	193	196	198	195	195	195	196	195	194	194	196	191	194	194	190	188	184	173	161	151	134	110	78	120	141	144	146	117	114	135	124	93	86	80	69	40	45	38	28	27	36	27	38	41	36	73	77	70	72	14	35	44	16	0	88	105	72	71	95	165	130	98	115	82	43	38	22	3	20	28	42	33	36	35	33	48	66	134	117	82	85	104	96	94	64	8	135	200	202	205	209	210	211	213	216	218	219	219	218	219	218	218	220	222	224	223	221	220	218	218	219	218	216	215	216	216	214	213	214	214	213	213	214
181	184	187	186	187	190	195	198	195	194	195	195	194	192	192	194	192	192	191	190	189	183	165	148	131	114	148	173	187	175	170	169	173	154	156	124	98	72	62	44	35	44	34	59	78	47	30	86	83	40	61	61	74	39	13	42	25	16	31	93	90	79	89	70	123	132	96	102	119	74	64	55	9	7	20	25	31	26	25	29	45	41	61	105	106	84	121	85	88	74	68	70	184	200	204	208	210	211	214	217	219	220	219	219	220	219	219	220	223	223	222	220	218	217	217	218	217	216	216	217	218	216	215	215	216	215	214	214
181	184	186	186	187	190	194	196	194	193	194	195	195	193	192	193	192	191	190	190	187	177	160	146	157	182	183	180	164	157	147	124	100	94	90	86	36	85	115	102	71	46	27	76	95	45	42	102	83	32	55	76	72	25	30	37	14	0	60	93	70	77	92	98	97	129	108	97	128	90	74	64	42	8	16	1	8	2	18	13	32	62	47	3	82	111	109	100	85	78	98	3	162	218	203	205	210	211	214	216	218	219	219	219	221	220	219	220	221	221	220	218	215	215	216	216	216	216	216	217	219	217	216	218	218	216	215	214
182	183	185	186	189	192	194	193	192	193	195	196	195	192	191	191	190	191	192	191	185	175	166	163	187	184	160	133	98	57	56	64	34	69	79	72	51	78	99	81	48	26	21	82	86	12	24	85	48	39	72	65	56	4	43	25	19	0	78	95	57	67	74	113	126	127	107	88	127	111	82	76	63	0	107	160	123	25	9	39	11	35	53	54	68	93	93	104	78	97	113	42	115	201	205	206	210	211	214	216	216	218	219	221	222	221	220	220	221	220	218	217	215	216	217	217	216	217	218	218	218	217	217	220	221	219	216	215
183	183	183	186	190	194	193	191	192	193	195	196	195	191	189	189	188	191	195	194	185	177	178	186	173	134	69	18	89	82	58	69	59	74	63	73	46	53	64	57	59	32	34	66	44	23	79	83	47	44	57	81	47	0	24	15	7	41	122	89	58	59	70	111	143	144	117	80	120	114	67	91	78	8	157	203	209	182	89	6	37	28	20	18	65	100	110	96	62	84	61	51	88	203	209	210	210	212	215	216	216	218	220	223	222	222	222	221	221	220	218	217	218	219	220	219	219	219	220	220	218	217	218	221	222	220	218	216
184	181	181	185	189	189	191	194	195	193	191	191	190	188	188	188	191	191	196	192	193	187	186	170	121	60	87	115	114	64	51	54	45	42	32	9	18	14	4	9	23	19	44	77	49	27	94	80	34	43	68	86	35	18	20	11	10	110	125	67	56	50	63	88	129	134	99	74	109	91	48	83	93	70	183	207	201	210	193	127	0	0	44	37	51	112	99	85	57	79	46	54	64	190	212	210	214	214	215	218	220	221	222	223	225	223	222	222	221	219	218	218	218	219	220	219	219	221	221	221	218	222	223	220	220	222	220	216
179	176	177	182	186	189	192	196	197	195	193	191	190	189	189	191	192	194	203	185	188	193	175	120	95	139	136	93	46	69	76	62	76	70	63	65	80	61	22	79	62	38	63	85	61	72	46	31	39	44	86	68	0	19	21	14	30	141	110	56	64	55	51	51	70	101	82	69	77	91	55	42	19	85	196	194	202	210	216	205	172	100	0	6	44	51	71	68	46	53	64	63	56	187	213	210	216	215	216	218	220	221	222	223	222	222	221	221	220	219	219	219	216	217	218	219	221	223	222	221	219	221	222	221	221	223	221	217
176	175	177	183	188	191	196	200	200	197	195	193	191	190	192	195	195	193	200	196	198	190	136	122	152	129	71	40	94	99	53	89	100	58	40	81	79	51	55	86	49	39	84	59	72	48	8	46	56	45	79	37	8	17	21	2	99	146	85	58	74	63	38	44	47	102	82	67	62	53	42	53	30	100	200	201	201	195	207	208	216	216	167	109	43	34	79	61	38	40	62	40	99	206	209	217	217	216	217	219	220	220	221	221	221	221	220	220	219	219	219	219	214	216	218	220	222	223	222	219	220	220	221	223	223	223	220	218
177	177	181	187	192	195	199	202	201	200	198	196	193	192	194	198	197	203	203	203	186	150	135	156	120	70	91	85	94	65	59	82	77	54	83	90	55	60	108	100	81	74	70	82	53	8	3	55	57	63	67	0	29	20	0	83	138	157	80	65	59	73	86	64	87	120	134	90	73	40	26	51	63	92	181	200	201	201	216	212	203	211	222	210	188	64	55	127	67	59	54	2	165	214	206	222	219	217	217	219	220	220	220	220	221	221	220	220	220	220	218	215	214	217	220	221	222	222	220	218	221	221	223	225	224	221	220	220
175	178	183	189	194	197	200	202	202	202	201	200	197	195	197	199	199	209	202	195	174	137	161	116	83	116	126	112	77	51	57	42	29	42	35	39	39	36	73	66	85	54	78	66	0	45	21	2	47	75	43	18	30	18	22	122	135	128	98	69	40	86	100	98	110	159	138	85	91	51	47	61	50	98	187	194	202	206	205	211	209	225	211	213	218	145	3	72	64	0	1	107	202	224	212	223	221	219	219	221	222	221	221	222	221	220	219	220	222	223	219	214	214	218	222	224	224	223	222	220	222	224	226	227	224	220	219	222
173	178	185	191	195	198	202	204	204	203	203	202	200	198	198	200	201	201	197	197	166	156	137	104	139	147	111	81	70	80	67	19	4	45	68	65	58	31	0	37	70	50	28	8	37	42	43	37	53	59	32	12	20	37	42	121	132	112	88	88	64	66	80	96	113	103	141	111	80	71	34	82	36	101	191	192	206	212	204	213	215	208	213	225	216	208	172	85	83	148	190	207	206	209	222	216	222	221	221	222	223	223	223	224	221	221	219	219	223	226	223	217	216	220	224	226	226	226	225	224	223	226	228	227	223	220	221	222
174	179	186	190	194	198	202	205	206	204	203	203	202	200	200	201	202	200	201	196	157	156	122	157	154	118	113	102	100	82	89	114	137	145	105	80	57	43	45	52	29	47	53	35	22	15	43	44	40	34	24	34	27	38	71	93	86	62	73	75	75	84	86	104	109	93	98	107	79	51	8	90	64	124	196	195	203	209	211	214	215	224	217	213	220	213	213	209	197	216	207	212	212	217	216	223	221	220	220	222	224	224	224	225	223	223	222	220	222	226	225	222	220	222	223	225	227	229	227	224	225	228	228	225	223	223	223	222
175	180	185	188	191	195	201	204	207	205	203	203	203	201	201	202	202	199	198	187	179	163	161	156	136	136	118	105	135	164	181	178	146	88	34	69	98	88	102	54	43	68	37	20	23	36	49	22	64	49	15	35	31	50	51	91	64	46	61	62	52	47	65	70	83	93	53	90	95	61	22	53	42	133	203	199	207	209	211	210	210	213	214	214	219	217	215	215	212	210	215	216	217	219	212	218	220	219	219	221	223	223	223	224	225	227	224	220	220	224	226	225	224	223	221	223	227	229	226	221	226	228	227	223	223	226	225	221
175	179	184	188	191	196	202	206	205	205	206	205	203	202	202	203	206	200	199	189	188	177	165	145	150	131	122	172	194	181	156	80	61	110	143	159	121	63	44	31	49	43	24	42	40	56	56	70	80	48	33	54	67	70	44	104	98	60	71	46	56	50	32	30	11	21	56	76	97	51	16	27	0	141	198	201	205	212	215	214	210	214	213	212	217	218	217	222	216	214	214	216	216	214	215	219	219	220	220	220	221	222	224	226	231	227	224	223	222	223	225	228	220	219	222	228	228	225	223	225	225	225	225	225	225	224	223	222
179	179	182	187	193	197	201	204	205	205	206	205	202	201	200	201	203	200	202	201	195	181	168	155	151	155	189	193	158	101	68	99	142	147	108	79	49	76	83	70	66	32	33	29	30	31	62	92	46	27	34	101	114	77	77	113	135	101	83	64	69	68	60	58	32	37	52	116	94	24	25	55	58	135	198	198	212	217	217	216	213	214	214	215	218	219	220	222	222	220	218	217	216	215	217	220	220	220	220	221	221	222	224	225	228	226	224	223	223	224	227	229	224	223	224	227	227	224	224	226	225	224	224	224	223	222	221	221
183	179	179	186	193	196	199	202	203	205	206	205	202	200	199	199	202	201	202	203	193	184	171	160	164	195	189	150	93	102	171	176	155	60	101	141	134	128	104	82	40	62	48	23	23	67	86	42	10	34	68	138	172	123	133	141	124	93	94	78	73	67	67	65	46	50	57	109	93	29	0	109	115	150	205	197	207	208	213	219	215	214	216	218	218	221	223	222	225	224	221	218	216	218	220	221	220	221	221	221	221	222	224	225	225	224	224	225	225	225	228	231	229	227	227	227	225	223	224	228	224	224	224	223	222	221	221	221
186	179	178	186	192	193	195	199	201	203	204	205	203	201	200	200	198	203	203	204	194	196	184	173	203	190	139	116	136	174	178	121	91	127	167	154	121	132	80	11	106	91	52	14	71	73	28	14	41	61	90	162	190	167	149	155	107	77	115	83	81	71	58	41	28	41	58	98	84	28	0	117	111	154	209	206	209	208	211	216	217	214	218	221	219	222	225	222	223	223	221	217	216	220	223	222	222	222	222	222	222	222	223	223	223	224	225	226	226	225	227	230	231	230	230	228	225	223	226	230	223	224	224	223	223	223	223	223
188	181	180	187	192	191	193	197	197	200	202	204	203	202	201	202	201	206	207	209	197	196	190	187	192	155	136	158	183	179	146	106	158	168	139	117	136	102	21	72	75	60	36	53	79	44	32	39	53	58	77	168	174	151	109	131	179	99	94	75	87	73	64	62	37	19	22	47	75	48	12	73	109	136	208	208	205	208	214	211	219	216	220	224	222	225	227	223	221	222	220	217	218	221	223	221	224	224	223	223	222	222	222	222	223	224	226	227	226	224	226	228	230	230	231	229	226	225	227	229	223	224	225	225	225	226	226	227
190	185	184	189	192	192	193	195	194	197	200	202	202	202	202	202	205	203	205	209	201	197	199	206	182	157	178	161	155	150	114	151	173	142	135	135	89	27	32	40	30	48	72	72	35	51	39	30	35	76	89	140	189	158	108	82	167	185	126	51	45	59	65	64	40	18	23	30	62	45	14	45	103	104	189	207	202	205	215	216	220	219	222	225	226	227	227	225	222	222	221	220	220	221	221	220	225	224	223	223	223	223	222	222	223	224	225	227	226	224	225	226	228	229	230	229	227	226	227	228	224	225	227	228	227	227	228	228
192	188	187	189	192	194	193	193	193	196	199	200	200	200	200	201	200	197	201	205	208	205	197	184	156	112	94	88	74	78	90	90	99	110	123	117	59	60	61	60	69	77	64	52	63	47	40	35	47	105	99	93	147	184	163	84	116	173	180	129	51	38	57	33	35	23	17	46	58	39	23	0	74	88	130	200	212	215	216	221	219	221	221	223	227	228	225	225	224	222	221	221	221	221	220	221	224	223	223	223	224	224	223	222	222	222	223	225	226	225	225	226	227	228	229	228	227	226	227	227	225	227	229	229	228	226	226	226
192	189	187	188	192	195	193	190	194	196	198	199	198	198	198	199	200	201	205	199	205	193	154	103	69	78	83	73	74	73	57	57	62	68	65	65	60	56	61	63	63	56	65	78	69	66	51	35	33	72	66	56	8	141	196	152	96	145	157	157	160	99	46	46	65	69	57	52	77	82	24	43	80	112	63	172	207	217	210	219	217	221	220	221	228	227	222	224	225	221	219	221	222	220	220	222	223	223	223	223	224	225	224	223	221	220	222	224	226	226	226	226	227	228	227	226	226	226	226	226	226	228	230	230	227	224	223	223
190	189	187	188	190	190	188	185	190	196	197	201	198	199	196	199	196	196	198	201	178	123	85	81	81	91	120	138	140	142	127	97	77	73	82	86	89	88	76	76	74	65	69	75	67	60	55	44	26	39	102	65	51	51	121	184	149	136	125	150	180	171	138	59	41	70	73	58	82	99	30	81	103	125	92	91	202	206	213	212	217	217	217	217	222	226	226	223	226	224	223	224	222	220	220	223	222	222	223	226	227	226	224	223	219	221	221	222	223	225	226	225	223	226	227	225	224	225	225	225	225	225	225	225	222	219	218	219
187	187	188	189	191	191	189	188	194	202	206	198	206	195	207	187	192	199	180	133	88	69	87	106	139	157	155	145	144	149	154	129	103	101	104	105	105	102	94	91	80	69	68	68	59	53	47	36	20	35	101	97	86	105	115	153	175	143	154	90	109	170	174	149	117	70	101	95	65	69	68	52	91	119	108	0	156	207	212	213	212	214	214	215	218	222	223	222	224	222	222	223	222	219	219	221	223	222	223	226	227	225	224	224	221	221	221	221	223	225	226	225	224	227	229	226	224	223	224	225	223	222	221	222	222	220	220	221
181	183	187	189	190	191	191	192	193	194	207	208	197	200	196	205	187	131	60	50	73	78	103	158	157	136	115	106	125	153	165	124	108	110	105	103	100	97	95	88	79	70	68	66	58	51	41	27	22	26	62	121	134	115	116	49	180	162	166	167	3	87	150	171	173	132	159	152	51	74	75	78	88	80	98	1	69	195	204	200	206	210	214	215	217	219	222	224	222	222	222	222	221	219	219	220	223	222	223	225	226	225	224	224	224	223	221	220	222	225	226	225	223	226	228	226	222	222	224	225	224	221	219	220	222	222	222	223
180	183	187	189	190	191	194	196	196	201	198	201	203	190	208	163	83	22	62	74	62	76	129	149	88	79	90	103	143	161	136	94	105	111	103	100	98	96	100	92	77	68	64	61	55	50	41	28	15	30	51	106	126	92	108	38	81	201	154	195	159	49	72	109	160	169	166	181	130	69	76	97	100	48	80	56	0	127	211	204	203	209	215	218	218	219	222	225	223	223	222	221	220	219	219	220	223	222	223	224	225	224	224	225	227	224	221	219	222	225	226	226	221	224	225	223	222	223	224	225	225	222	220	220	221	221	222	224
187	189	191	192	191	193	196	199	203	200	196	187	190	189	159	59	29	58	60	56	60	56	129	91	56	81	89	120	175	147	93	81	87	95	89	87	87	89	96	89	80	69	58	51	47	46	42	37	33	28	64	101	135	104	59	95	3	122	201	166	197	142	54	84	136	178	173	152	129	64	75	83	92	37	62	85	23	1	163	213	205	210	217	221	220	219	220	221	227	226	224	221	219	220	221	222	225	224	224	225	225	225	226	228	228	226	223	220	222	225	227	227	224	224	223	222	223	224	224	223	222	221	220	219	218	218	221	223
194	194	193	192	191	192	194	196	193	204	197	183	188	153	43	37	54	72	63	60	60	118	103	55	77	85	93	159	181	112	68	71	75	83	83	82	83	87	92	88	78	69	59	53	50	45	42	41	43	69	93	88	157	170	104	69	90	0	118	184	178	209	132	87	163	183	178	149	91	60	74	118	137	92	20	118	48	0	117	210	212	215	219	223	224	221	219	219	229	228	225	222	220	222	225	226	228	227	226	226	226	226	228	231	228	227	225	223	223	226	228	228	229	228	225	223	224	225	224	221	219	219	219	220	219	219	222	225
194	193	191	191	192	193	193	194	200	190	193	199	151	67	42	53	70	65	59	69	94	158	74	55	74	81	145	204	149	84	59	57	62	67	73	71	71	74	73	73	67	62	59	60	59	50	46	49	68	99	103	99	160	185	168	93	35	78	66	172	189	200	221	132	87	155	192	185	127	40	97	89	68	118	76	122	99	3	63	201	218	217	218	223	226	224	222	220	228	228	226	223	222	225	227	228	229	228	227	227	226	227	229	232	228	228	227	225	225	226	228	229	231	230	227	225	224	225	224	222	218	218	219	221	222	222	223	224
192	191	189	191	194	196	196	195	193	203	172	159	91	46	43	64	74	52	63	58	156	125	3	65	82	99	179	165	70	67	56	57	55	57	67	63	61	63	57	59	57	53	52	58	59	53	52	61	92	98	106	110	137	176	150	144	54	47	64	119	188	161	195	219	151	129	141	165	178	78	139	64	22	44	104	163	113	0	55	194	219	214	214	219	225	225	223	221	226	228	227	224	224	227	229	229	228	227	226	226	225	226	228	232	227	229	229	227	226	227	228	229	229	229	228	225	224	224	224	223	218	217	217	220	222	222	221	221
187	189	186	188	192	194	200	192	190	143	125	109	56	53	50	64	58	53	48	103	124	1	49	64	85	114	182	106	44	52	51	54	51	50	52	56	56	53	52	55	50	42	45	43	46	46	47	80	105	96	101	109	143	174	126	96	81	15	58	58	133	172	109	195	215	188	162	163	185	149	157	88	77	70	107	153	122	50	47	193	218	216	216	211	217	222	215	222	226	225	223	222	223	226	228	229	230	227	225	227	227	227	227	229	226	225	225	225	226	227	227	227	225	225	225	225	224	223	221	219	217	219	219	216	216	220	221	218
186	195	189	189	193	191	193	188	115	72	143	86	54	60	63	62	55	45	59	100	70	22	51	68	83	130	172	52	48	49	42	48	43	43	45	48	49	48	48	50	44	37	40	37	41	42	44	73	87	97	113	120	141	178	136	102	96	44	41	46	84	133	118	111	202	208	176	140	110	114	151	168	159	100	90	56	74	89	75	201	214	213	215	211	217	224	217	216	221	221	221	220	221	224	228	230	230	228	227	227	228	228	227	227	225	224	224	224	224	225	225	225	223	222	220	220	220	220	218	217	217	217	215	214	216	219	219	216
186	193	194	193	188	192	181	140	39	128	115	50	70	58	68	61	48	46	67	96	33	35	55	70	89	158	160	23	41	36	29	38	36	38	39	40	41	43	45	46	44	38	38	33	37	40	43	65	81	102	130	147	131	131	116	105	123	58	21	30	56	138	154	81	144	212	162	118	103	103	162	171	144	153	113	3	0	107	123	194	210	209	213	210	213	223	223	219	219	220	221	221	221	223	227	231	228	228	227	226	226	227	226	225	224	224	223	223	222	222	223	223	221	219	217	216	217	217	216	215	218	213	211	213	216	217	216	214
188	185	195	198	185	198	156	57	72	143	80	66	60	51	70	57	40	51	61	92	44	27	62	68	104	165	115	33	28	28	24	29	34	37	37	34	35	40	44	43	44	39	36	31	33	37	39	53	92	109	125	121	98	98	112	95	83	74	39	21	43	131	188	155	172	187	167	125	84	75	130	167	103	123	84	9	4	66	170	204	201	202	209	211	211	220	226	223	220	221	221	221	220	221	224	227	225	226	225	223	223	225	225	223	223	224	223	222	221	221	221	221	219	217	215	215	215	216	215	214	216	211	208	212	215	214	213	214
191	185	194	199	194	193	108	0	101	126	61	60	65	56	57	51	32	42	47	87	59	20	65	62	125	142	41	37	26	28	27	26	33	37	36	31	31	36	39	39	34	33	33	32	33	33	31	36	51	56	106	102	90	88	87	71	59	33	21	27	21	76	187	201	172	172	174	133	65	51	68	170	115	65	8	27	11	43	171	207	194	196	205	214	218	222	226	220	220	219	219	220	220	219	220	222	223	224	223	221	221	222	224	224	223	223	222	220	219	219	219	219	216	215	214	214	214	214	213	212	213	208	208	211	212	209	210	213
192	194	193	197	206	168	51	3	108	113	51	56	60	56	55	34	25	23	37	78	56	27	61	68	146	112	4	29	30	21	25	31	30	34	34	29	27	29	31	30	24	26	31	36	37	33	28	25	25	6	81	83	78	76	54	55	41	26	26	27	36	36	78	139	112	127	170	152	89	52	45	152	93	24	34	21	5	21	154	192	199	202	203	212	220	226	231	223	221	220	221	223	223	220	220	222	224	223	222	222	222	221	223	225	224	221	219	217	217	217	217	217	212	213	213	213	212	211	211	211	209	207	208	210	209	206	208	213
192	197	193	195	203	135	11	34	118	83	47	53	54	52	33	35	21	19	33	67	60	37	50	90	151	72	14	24	25	16	22	29	26	29	31	29	25	24	23	21	20	21	27	35	35	30	28	23	17	4	53	64	68	78	44	14	17	10	23	12	27	34	0	0	14	0	99	166	116	58	42	129	82	0	18	12	27	53	129	161	193	209	210	211	218	226	233	227	222	222	225	228	227	222	221	224	225	223	223	226	225	221	220	224	225	221	217	215	216	217	217	217	212	213	214	213	211	210	212	214	209	209	209	210	209	207	209	213
193	193	195	195	191	112	0	54	101	61	45	38	48	43	43	22	19	29	33	60	77	39	40	112	141	31	26	23	16	23	24	21	23	27	31	30	26	22	18	16	18	17	19	27	27	23	24	22	19	8	11	45	41	38	39	17	9	7	9	22	16	21	27	28	25	32	6	121	113	48	39	112	76	4	25	8	37	28	111	161	172	208	219	217	218	223	229	223	222	224	228	231	227	221	220	224	226	222	224	228	227	220	218	222	226	222	217	214	216	218	218	217	215	216	216	214	211	211	214	218	210	211	211	211	210	210	211	213
193	198	198	198	183	77	2	50	86	44	32	37	40	44	34	25	24	25	37	68	86	29	29	107	107	3	22	19	15	19	20	20	22	24	25	25	25	23	18	14	15	16	15	15	16	18	17	16	14	12	7	3	28	26	30	20	10	12	12	12	17	20	19	20	20	17	18	105	125	49	5	45	62	2	23	14	50	17	1	72	123	148	191	215	223	226	232	221	225	220	229	232	226	223	229	219	226	218	221	227	230	223	216	225	229	220	216	219	215	217	226	221	221	223	221	214	209	212	218	223	212	212	210	215	221	216	210	215
195	193	197	198	171	68	25	30	65	38	29	35	37	37	34	30	29	23	32	61	109	45	6	102	89	0	23	18	17	16	19	18	20	21	23	25	25	22	18	15	16	16	14	13	13	14	14	12	7	7	8	4	20	31	29	24	9	8	11	13	10	8	15	25	21	23	16	92	104	13	19	62	58	0	18	11	77	74	3	27	16	47	83	94	152	186	213	236	231	231	219	226	221	224	222	235	228	222	224	229	230	222	215	224	232	224	218	221	218	217	225	223	226	227	225	218	213	215	220	224	217	216	212	216	222	216	210	215
195	188	193	199	158	54	24	20	46	35	25	29	34	33	35	34	25	22	31	31	116	75	0	77	66	0	19	15	17	13	17	17	17	18	21	24	24	19	17	17	17	16	14	11	11	12	13	12	19	11	12	5	3	15	13	16	19	12	15	20	11	6	14	22	24	19	23	94	57	7	36	64	27	16	21	13	68	107	63	1	23	40	33	0	5	50	111	147	197	216	235	224	219	213	222	235	227	224	229	231	230	223	219	230	231	226	220	224	224	218	221	221	225	226	223	218	215	216	221	224	220	219	215	217	222	218	213	217
193	192	188	195	159	55	11	16	36	33	18	21	30	30	35	34	26	21	31	10	97	103	5	47	54	2	13	14	15	12	13	17	16	15	18	22	21	17	16	19	18	17	15	12	12	15	16	17	21	12	15	12	4	4	14	22	19	9	11	17	16	20	21	13	15	19	19	69	36	29	39	35	2	25	8	40	109	145	150	112	83	44	20	46	39	35	3	0	46	131	190	225	221	230	230	238	227	228	233	232	228	222	222	236	230	227	221	227	230	221	217	216	220	220	219	216	215	217	221	224	222	223	219	219	221	216	213	219
193	198	189	194	166	52	16	7	22	26	14	16	25	25	31	33	34	23	28	22	62	117	29	21	45	13	9	16	16	15	9	17	17	15	16	19	18	15	16	20	19	19	17	14	14	17	19	20	17	22	25	22	17	5	28	27	12	8	9	11	19	36	37	17	14	11	25	37	14	20	41	11	17	16	28	38	41	77	120	142	154	115	67	19	23	29	34	36	16	93	130	172	227	229	229	229	229	230	234	229	223	218	219	233	231	227	220	226	230	222	217	214	218	217	216	216	217	218	220	221	223	227	224	220	219	212	210	217
199	196	195	201	153	19	22	5	10	17	15	16	20	20	26	33	30	30	26	36	27	110	61	0	27	19	9	12	17	18	13	19	18	16	16	17	17	15	16	19	19	19	18	15	15	17	18	19	20	34	30	18	17	6	35	25	13	14	13	7	12	31	37	22	3	0	18	17	16	31	13	4	27	1	0	1	0	3	20	81	126	126	123	53	5	19	9	29	39	30	137	137	191	223	224	231	223	223	225	222	219	218	218	228	228	223	216	219	220	217	217	213	218	216	215	217	218	217	216	215	215	221	221	217	216	210	209	216
202	194	198	183	107	9	20	13	13	13	14	12	15	18	21	31	24	30	29	36	22	84	97	3	18	32	21	5	16	14	19	20	19	18	17	17	17	16	16	15	16	17	17	15	14	15	16	16	17	27	21	16	19	13	30	27	12	14	11	5	6	16	26	28	57	63	22	14	36	30	6	36	7	37	71	83	65	54	43	27	0	18	0	141	126	67	40	35	32	67	71	81	138	203	222	224	216	213	214	214	219	222	217	221	222	219	216	217	213	212	218	212	218	215	215	217	218	216	212	210	208	214	214	213	214	209	207	212
197	197	196	145	62	40	23	18	24	12	10	5	9	17	17	25	30	22	31	35	44	55	122	27	26	52	39	1	14	8	23	19	19	19	19	17	17	18	15	12	13	15	16	14	14	15	16	16	19	21	20	29	31	19	14	19	11	11	11	12	15	19	31	46	118	118	39	30	10	0	151	186	181	201	206	203	202	206	202	189	170	163	155	177	189	49	2	0	24	88	107	83	70	175	227	220	216	210	208	210	220	224	215	213	217	218	221	222	213	212	220	211	218	215	215	219	220	217	212	209	208	213	212	210	211	206	201	204
195	198	175	108	54	0	30	57	25	9	10	6	5	13	12	21	22	23	27	41	47	30	117	99	1	45	43	3	8	11	15	16	18	18	18	16	23	9	22	10	12	13	11	11	15	16	16	20	19	21	22	21	17	14	11	10	20	19	16	16	15	8	36	43	59	77	49	0	61	182	209	203	207	216	206	205	212	216	228	233	224	222	223	213	205	201	163	71	4	46	108	84	53	131	224	219	219	206	208	205	219	225	208	215	221	214	207	219	204	210	223	207	210	211	211	215	221	218	209	204	208	212	211	206	204	202	201	203
195	196	144	48	10	24	95	75	6	6	11	6	5	9	12	14	20	29	29	24	31	41	58	144	84	2	45	14	13	10	13	14	23	1	18	24	20	16	6	13	10	12	13	14	17	17	16	19	21	20	20	21	21	21	26	32	23	19	19	12	10	10	19	15	53	65	3	121	190	209	201	214	209	216	212	201	205	217	223	229	214	212	214	214	224	232	229	190	78	3	54	15	47	76	195	231	223	215	217	204	205	205	197	208	215	205	197	210	210	206	212	206	209	211	209	207	211	211	208	207	212	212	206	201	199	198	200	205
197	164	73	45	68	102	88	47	6	19	3	1	19	0	12	8	6	18	18	37	24	45	23	91	152	117	105	1	15	15	14	22	2	54	0	0	6	0	21	33	29	28	26	24	24	26	29	31	34	31	25	15	5	0	0	0	3	2	6	21	13	13	18	30	36	79	169	222	217	195	213	214	210	216	219	202	205	223	224	229	225	220	215	213	220	216	220	214	164	6	45	38	48	1	161	219	220	217	222	209	213	212	208	213	209	204	196	202	210	206	203	201	206	211	208	203	204	207	208	209	210	208	205	205	204	199	198	203
171	105	62	83	78	87	49	40	12	0	3	7	11	76	0	3	14	15	16	23	26	23	40	22	67	101	72	29	15	9	30	2	76	190	167	135	108	47	2	0	0	0	0	1	1	3	3	0	0	0	0	5	35	85	133	160	182	108	1	24	18	21	13	23	0	108	214	204	222	211	209	215	213	219	222	210	210	222	225	226	232	227	226	226	232	226	223	216	219	104	6	65	49	24	77	207	225	224	227	216	222	219	219	215	211	218	213	205	203	212	206	198	204	211	210	206	208	211	210	208	206	206	205	208	209	202	199	203
96	64	77	75	63	42	19	9	6	6	11	13	0	153	140	0	21	9	17	20	21	19	26	32	27	2	0	51	39	30	0	69	181	206	211	205	205	194	164	153	143	132	124	120	124	138	150	151	158	169	183	194	202	208	211	213	218	160	4	27	20	26	28	39	4	118	213	224	224	219	221	225	222	225	219	217	214	215	223	222	229	225	228	221	226	231	229	212	223	164	0	50	65	74	20	185	220	225	226	217	215	214	224	223	219	227	230	215	196	216	210	201	205	210	208	206	211	215	210	205	206	206	205	205	207	204	203	206
56	64	65	48	35	9	16	19	16	6	11	0	53	168	192	118	0	31	12	11	23	26	16	22	27	34	26	46	57	0	85	191	204	196	196	214	206	194	224	216	212	208	210	213	215	224	227	220	225	221	223	227	221	210	207	213	206	193	38	12	18	34	39	35	0	126	226	217	230	235	229	232	234	231	221	225	221	217	230	231	224	223	230	220	224	236	239	226	221	216	77	21	41	76	85	160	210	218	216	219	215	217	228	223	220	219	228	215	195	210	205	205	206	207	204	201	207	210	206	202	201	207	208	205	206	206	203	202
65	41	33	39	19	16	36	22	6	0	13	2	61	175	177	186	114	2	24	15	13	13	12	15	11	28	26	50	25	99	201	206	213	212	211	213	211	204	217	216	213	210	213	215	212	219	222	214	223	221	220	220	216	212	215	223	191	212	102	3	29	34	36	30	1	155	223	227	228	232	230	228	241	231	228	231	229	228	235	237	236	233	234	223	229	226	221	225	229	235	122	63	56	63	103	145	205	216	210	222	210	210	216	209	215	206	218	200	202	205	198	203	204	205	201	198	201	201	199	199	192	206	208	200	199	202	197	189
57	28	20	0	15	23	39	31	9	7	15	0	37	173	196	179	192	115	5	1	15	17	17	17	29	30	30	17	62	189	211	205	201	216	208	210	215	216	225	221	219	217	222	223	218	223	228	220	219	226	225	215	210	215	218	216	196	219	147	0	37	25	22	28	2	142	222	228	223	228	236	228	240	227	233	233	230	233	230	232	236	228	223	218	233	220	209	231	220	222	152	67	36	61	109	124	192	210	204	217	192	191	206	209	212	201	214	186	210	207	195	200	202	204	202	199	198	194	193	197	188	203	201	186	183	191	190	182
40	15	22	20	22	48	44	22	16	9	17	0	73	180	182	180	192	186	153	68	0	16	18	17	19	23	32	1	130	206	203	193	194	212	215	212	218	224	221	222	209	226	225	213	219	222	231	219	226	239	219	212	224	217	213	221	208	221	175	6	35	11	25	25	2	135	212	220	220	219	234	227	236	221	229	232	227	230	228	229	225	226	223	222	232	208	200	226	222	231	152	0	68	57	106	123	162	208	197	206	208	193	182	214	203	201	216	183	207	210	200	204	220	206	191	189	197	195	185	185	193	195	191	182	174	188	185	189
28	30	29	17	26	45	43	42	23	10	23	0	116	181	172	185	186	192	179	75	0	18	16	19	17	24	34	0	160	206	195	206	208	208	213	211	221	222	221	230	222	222	218	217	227	225	228	214	218	217	206	221	226	226	220	205	194	220	195	40	28	15	24	22	0	124	216	208	214	232	221	232	227	228	231	226	222	223	222	223	231	219	232	223	218	212	201	225	215	233	149	26	86	100	129	125	122	184	199	209	210	190	178	210	198	193	208	191	201	205	189	204	200	206	182	170	175	183	189	169	189	185	183	180	175	174	175	177
22	26	26	24	33	46	50	49	32	8	14	4	148	178	172	190	184	163	115	0	26	9	10	19	13	24	29	7	171	211	201	200	204	205	214	204	212	219	221	219	213	216	220	220	221	222	226	213	207	206	206	221	219	211	218	207	195	214	215	109	7	24	12	30	32	92	203	209	193	218	213	218	212	232	216	211	231	221	210	232	227	215	219	219	225	214	194	226	225	226	134	67	90	102	111	137	71	167	181	200	211	179	191	214	199	182	201	166	188	193	186	188	189	186	172	168	172	180	181	163	173	176	168	175	169	162	167	172
31	37	20	30	68	68	47	47	28	10	5	60	168	178	174	179	179	136	0	24	6	11	14	14	23	15	18	21	192	202	189	194	202	215	220	213	210	217	223	213	214	218	221	210	203	215	228	217	217	223	215	206	223	217	219	198	197	206	207	156	0	41	7	40	35	69	180	203	207	215	207	212	225	218	209	211	208	209	216	203	208	210	209	213	211	210	213	214	213	200	106	56	77	94	115	107	5	144	190	180	199	183	183	206	208	178	188	156	179	184	174	169	192	168	173	170	174	185	169	167	169	185	161	167	155	150	161	180
38	39	44	54	54	52	47	31	23	22	1	127	169	170	174	182	176	71	4	17	15	2	10	11	20	20	28	3	186	201	172	190	205	218	214	218	204	198	212	212	217	206	206	209	205	209	205	194	215	223	213	202	214	223	211	177	187	196	188	166	15	33	24	39	40	47	172	196	207	220	219	213	226	222	215	210	205	219	231	206	171	205	205	212	230	208	188	201	208	173	52	56	29	32	39	29	0	176	206	185	205	182	202	208	194	183	194	203	186	177	149	167	194	181	187	172	171	190	179	175	160	182	167	170	161	131	145	172
34	51	51	38	34	31	21	19	10	9	5	153	154	150	168	177	114	1	30	2	4	12	8	6	10	24	35	0	116	186	156	186	194	210	201	195	184	181	198	199	214	192	198	222	219	202	183	185	207	187	185	206	198	211	192	176	177	202	187	167	78	0	28	45	36	2	157	198	199	218	220	215	217	232	208	188	198	191	182	194	201	192	194	186	200	199	193	203	194	194	117	1	46	74	40	39	50	182	210	192	214	192	193	217	203	191	185	197	188	184	164	180	180	189	186	180	176	180	186	177	147	150	152	150	147	103	133	158
48	37	32	23	25	34	25	17	36	5	67	181	170	164	185	143	5	24	10	15	12	15	4	14	18	21	29	28	77	111	117	177	181	194	199	174	184	187	194	188	204	196	204	219	211	198	183	194	208	167	168	194	201	208	179	173	187	169	196	193	94	0	59	30	41	7	141	199	202	196	171	174	193	205	196	178	182	183	180	194	205	199	194	171	192	195	195	196	175	192	117	59	87	120	122	28	79	170	183	198	214	179	184	191	164	191	209	207	195	169	168	180	171	178	171	179	179	169	174	170	175	154	153	148	130	113	158	169
28	28	30	19	22	20	19	53	74	0	115	174	160	160	189	85	0	31	14	6	15	9	13	14	17	39	47	53	94	40	84	149	175	171	194	171	201	195	188	186	168	190	208	208	199	199	175	166	186	177	194	175	195	194	166	161	165	171	184	166	110	50	53	28	43	2	112	187	178	189	189	165	159	200	190	152	172	196	185	191	211	178	186	208	206	161	190	206	185	150	46	48	58	85	102	86	95	173	194	194	193	187	198	194	174	193	188	202	193	171	160	171	186	181	174	172	179	178	169	169	174	153	156	161	117	124	153	134
27	17	19	28	34	19	0	54	53	0	152	175	172	167	170	81	0	23	28	14	9	13	10	16	16	42	44	37	59	82	51	46	120	149	173	170	169	187	179	160	163	166	187	195	197	199	197	168	178	196	194	167	177	177	167	157	165	170	200	155	113	71	44	42	47	26	58	138	191	185	180	192	183	186	181	168	177	182	207	201	201	187	186	193	198	196	201	182	190	117	64	70	71	86	105	86	121	186	204	193	167	197	216	202	193	205	198	188	183	180	166	183	199	180	157	145	140	171	177	160	152	169	160	157	106	102	128	127
44	3	29	42	0	45	51	61	36	98	166	160	141	152	152	75	2	26	47	33	5	6	35	28	1	0	4	23	50	48	67	56	1	54	107	118	113	184	162	184	174	168	203	178	154	182	176	165	187	190	193	172	182	173	180	153	116	168	189	142	137	70	30	37	38	34	0	121	162	172	191	188	206	204	188	177	188	192	201	206	179	177	180	193	181	206	183	187	164	79	97	67	66	86	106	61	112	184	197	192	198	182	200	186	193	198	164	170	178	155	168	174	192	176	169	138	136	171	191	168	152	177	139	147	87	119	122	97
58	6	27	11	20	47	68	66	53	121	172	162	119	143	167	84	0	24	44	27	1	25	115	94	132	140	101	21	30	16	58	51	42	20	0	22	77	136	145	182	174	182	169	158	171	180	179	145	179	178	189	167	159	144	170	131	136	161	175	150	133	94	1	22	29	23	4	139	162	165	166	181	174	183	174	181	199	197	186	190	180	194	174	191	185	184	181	185	177	66	125	109	37	82	91	55	113	178	186	200	195	186	177	172	168	173	164	163	190	156	138	178	185	173	177	166	179	184	174	173	150	156	146	116	127	138	117	99
63	23	30	16	22	28	58	65	79	134	168	165	136	141	153	71	1	18	6	14	9	63	131	98	91	158	170	85	83	50	35	0	7	32	36	39	24	1	91	117	148	144	186	167	150	139	153	162	140	163	182	184	145	147	158	134	164	182	137	118	161	164	107	73	4	20	32	130	171	162	178	185	182	186	168	169	180	173	180	187	185	167	148	159	191	196	169	171	180	100	96	105	96	89	3	38	165	159	163	170	186	190	162	174	179	154	190	178	173	174	141	159	188	165	172	173	163	178	162	154	155	175	141	117	123	111	111	108
79	41	24	10	40	49	48	64	128	169	158	163	130	132	145	52	0	21	15	18	18	82	93	91	105	147	124	88	122	89	74	114	71	0	18	25	61	79	72	60	124	76	153	181	153	145	151	169	134	138	178	160	163	141	165	156	187	187	158	136	142	170	166	127	96	5	40	145	154	143	182	179	165	169	163	173	172	141	161	162	162	167	157	167	186	193	168	176	187	155	93	101	87	133	71	124	182	179	163	158	173	202	159	171	169	172	197	185	161	174	168	169	178	169	169	164	155	151	131	154	154	154	139	128	111	118	100	81
100	83	39	8	55	40	2	82	146	125	154	183	135	117	118	13	19	14	34	2	73	134	116	104	163	152	120	137	137	98	102	134	163	122	0	25	91	76	4	91	140	92	77	150	182	158	134	146	141	130	134	152	151	153	150	166	145	157	135	141	145	145	120	102	92	3	26	122	147	156	147	160	152	155	158	171	169	138	172	183	159	181	173	167	189	180	182	167	170	158	132	105	116	133	127	133	172	168	143	173	136	183	172	143	149	171	184	201	196	182	167	178	175	150	165	151	120	108	132	162	158	120	142	109	127	142	108	110
81	65	6	21	48	51	33	121	153	124	160	178	139	118	109	51	25	8	36	34	126	146	147	131	172	166	142	149	149	131	133	149	161	143	133	93	90	0	0	111	142	61	33	76	145	156	117	142	141	129	121	155	159	158	149	160	164	133	153	119	129	143	143	118	66	25	41	127	162	154	138	149	146	160	164	158	158	151	175	189	173	180	210	178	199	191	193	190	162	139	133	130	117	108	135	174	179	176	116	153	168	161	172	178	148	126	156	194	187	171	148	115	117	140	163	134	112	114	127	128	131	144	145	133	143	131	116	131
44	50	7	16	48	35	86	148	113	149	154	163	97	120	136	95	47	11	0	86	146	134	152	159	160	144	150	144	149	151	141	145	158	95	175	140	86	29	5	107	108	0	65	76	70	106	121	127	163	153	131	151	146	145	152	155	153	125	113	140	156	147	163	96	67	52	98	90	140	165	139	154	146	175	174	143	144	166	172	184	184	184	185	193	208	200	191	171	172	152	157	156	153	159	167	173	144	168	128	167	144	152	188	190	148	144	168	179	163	159	164	113	113	137	158	151	124	141	143	122	132	156	147	126	124	127	124	117
29	54	16	7	50	57	136	155	131	149	166	151	84	122	122	1	32	22	34	110	152	134	113	148	152	146	156	166	159	149	172	140	129	68	146	113	133	87	0	113	98	0	83	89	50	52	96	117	151	164	118	146	157	121	142	168	188	140	57	119	155	148	158	83	81	39	71	86	130	159	151	137	172	191	180	164	149	156	162	166	179	186	204	197	199	191	153	157	179	166	177	171	172	150	146	152	147	152	142	161	146	158	163	179	170	152	165	172	136	168	172	137	138	147	138	136	124	140	98	123	143	137	137	142	129	129	130	128
40	44	32	27	55	108	144	163	125	157	164	116	64	108	108	32	12	39	30	99	138	132	133	146	148	155	138	135	143	173	151	141	98	103	128	112	125	119	40	123	119	0	80	74	35	52	17	89	125	142	137	111	135	157	149	153	197	210	149	129	116	153	162	76	62	68	58	91	120	151	153	159	173	179	174	168	137	175	140	139	151	188	191	194	194	166	143	161	157	159	147	159	159	138	151	161	148	162	154	162	161	155	145	142	168	178	163	136	148	155	142	110	127	130	145	142	130	121	127	129	120	122	117	137	121	113	110	120
32	43	25	33	115	148	161	150	118	159	144	107	76	142	128	2	22	66	65	99	114	121	114	130	142	186	206	154	73	143	170	151	122	134	97	113	137	158	102	124	95	31	55	68	94	50	58	106	148	152	149	124	122	163	152	152	131	124	115	138	123	149	147	89	8	73	64	102	106	120	119	145	157	157	172	144	143	184	171	150	145	175	177	184	174	159	160	164	163	148	129	150	160	161	146	148	174	174	155	150	154	128	131	139	139	157	163	124	135	144	145	125	133	136	151	160	148	112	110	132	126	135	119	123	120	111	118	127
80	79	44	81	136	135	156	148	120	141	114	110	108	148	101	41	0	55	94	118	111	146	132	123	131	135	179	181	102	112	142	111	114	119	114	118	144	147	157	137	77	53	61	54	82	23	65	149	157	135	105	133	124	114	136	154	145	136	112	133	145	149	132	91	24	85	97	115	113	126	124	151	151	164	160	151	152	161	166	142	155	145	149	160	162	157	156	151	159	147	147	163	158	164	149	145	175	166	150	155	169	147	152	148	150	136	166	162	144	148	146	152	139	131	137	142	147	119	88	120	124	144	119	133	131	126	123	131
80	123	135	90	124	119	137	135	112	130	89	123	127	95	78	49	24	36	63	119	111	142	144	118	127	113	86	66	97	121	125	107	105	127	115	109	84	132	154	151	85	68	66	0	62	84	87	100	117	136	118	127	132	127	143	120	119	143	137	130	129	137	141	58	46	86	105	115	103	124	144	163	164	165	130	135	148	130	149	144	142	119	114	134	161	138	132	134	146	141	138	164	158	159	176	142	131	139	143	150	152	148	149	122	123	140	152	141	138	154	137	119	142	130	129	109	127	119	104	103	125	132	89	126	118	124	113	134
80	109	153	148	118	137	138	127	121	114	106	109	127	108	102	62	73	80	70	116	152	146	90	90	103	115	112	75	97	101	95	110	122	135	126	92	112	135	131	120	99	123	105	60	86	79	110	92	125	153	134	134	143	147	111	143	125	137	135	129	130	130	157	96	74	98	88	116	108	128	161	154	157	161	128	130	155	140	141	129	118	108	106	134	150	131	152	140	126	125	141	160	152	156	182	153	132	131	137	143	139	144	143	119	102	124	125	127	141	126	140	144	122	143	125	111	119	113	112	115	94	123	126	137	116	96	103	123
90	116	128	106	117	128	128	101	97	117	115	115	131	85	70	45	58	88	120	130	98	103	101	102	106	88	100	85	113	126	141	120	120	131	105	72	115	122	107	120	110	145	103	106	102	132	142	110	156	123	119	125	95	127	122	134	117	137	127	111	143	136	135	134	124	125	74	106	128	141	162	134	135	155	117	131	135	157	158	150	115	107	119	152	140	138	166	151	144	121	126	142	155	168	173	146	143	123	124	134	146	150	137	121	104	122	130	114	119	103	133	156	103	130	112	115	118	115	110	120	106	119	127	116	119	114	120	103
112	126	115	76	103	111	105	96	78	86	112	117	99	82	73	70	77	95	84	129	131	115	125	112	101	101	113	90	113	95	148	137	127	146	117	80	126	124	121	139	105	126	118	126	133	161	159	133	159	130	106	104	143	115	110	104	107	113	142	124	120	131	135	138	138	146	102	116	146	136	148	132	137	151	130	135	136	117	146	135	123	105	123	164	149	137	129	149	155	142	115	135	147	147	167	150	137	137	147	131	130	127	120	122	129	127	134	104	115	103	96	140	130	112	118	103	116	125	120	88	87	103	109	125	109	127	119	108
112	100	90	124	115	97	105	107	108	96	72	97	82	95	105	91	102	97	92	113	104	130	139	113	110	121	128	108	69	68	138	141	140	140	110	105	135	137	137	127	119	127	139	141	127	131	145	135	129	119	120	131	118	108	114	117	113	124	129	131	135	138	153	129	136	141	125	126	137	159	143	130	147	140	133	148	142	103	137	131	121	106	127	141	134	122	148	139	145	158	115	110	121	125	151	145	136	148	138	140	145	142	121	117	128	123	112	115	110	93	88	132	126	98	96	99	97	91	114	95	95	97	100	115	119	105	112	104
102	90	92	125	107	104	108	96	111	106	85	81	80	85	99	104	110	77	88	94	82	127	143	133	103	113	112	106	53	92	111	141	148	126	121	109	113	135	146	125	129	127	140	122	117	122	145	129	129	113	146	144	116	91	131	133	116	141	141	134	125	134	147	127	131	127	143	131	142	169	122	141	165	152	136	137	149	148	129	128	133	116	111	119	134	131	151	157	137	138	110	115	127	122	147	146	132	141	129	127	135	152	122	136	124	124	106	109	112	89	98	131	114	95	76	68	82	80	95	86	83	102	101	105	123	102	96	104
110	82	76	106	118	116	112	93	56	105	118	79	81	87	100	112	114	96	117	111	98	127	135	123	97	114	114	108	109	115	130	124	121	121	128	100	110	131	119	108	124	124	147	135	121	127	146	134	144	105	100	130	118	89	132	127	110	125	126	127	111	140	162	128	117	136	145	135	144	160	120	134	162	142	139	136	114	139	124	125	130	115	105	115	131	133	142	148	125	130	121	112	118	125	150	136	128	141	120	106	119	129	113	134	126	117	101	91	100	82	91	119	98	100	72	58	88	85	83	76	80	95	107	110	118	113	109	106
117	90	62	75	125	119	115	94	93	103	101	91	105	93	81	109	91	100	105	119	129	117	116	99	99	113	110	90	103	126	118	120	88	124	134	102	127	138	107	107	121	150	136	126	120	126	110	140	127	122	72	91	113	98	131	100	107	128	113	113	127	150	161	144	125	146	132	132	135	139	119	117	132	137	125	133	129	134	120	122	108	100	109	122	118	121	128	122	120	131	134	108	103	116	143	122	126	147	119	94	111	91	104	116	120	105	109	96	105	96	70	87	85	98	68	48	80	85	83	80	85	89	105	112	103	113	107	87
119	111	82	88	120	113	120	97	104	104	91	97	84	74	70	117	91	88	77	106	129	102	106	94	108	136	118	87	83	111	115	125	100	131	142	115	121	129	115	99	118	145	139	142	118	130	113	122	105	120	101	96	120	83	124	114	120	122	120	123	125	132	151	129	149	134	127	117	113	131	106	113	111	116	103	103	107	105	120	123	92	92	107	114	106	112	121	118	122	122	130	112	99	93	119	117	110	125	108	91	107	88	108	116	108	94	96	94	103	102	61	66	75	91	70	51	69	80	88	83	77	82	97	115	104	110	96	85
129	109	100	124	112	97	109	91	142	119	83	109	96	81	74	107	87	82	91	94	92	89	96	81	106	135	124	86	94	90	126	112	116	134	139	116	107	110	109	87	105	136	134	117	99	106	118	125	93	112	129	103	101	109	137	120	106	114	111	114	127	121	132	120	143	127	125	97	87	126	106	110	109	107	124	114	88	87	116	117	94	93	98	98	105	110	113	121	113	113	118	111	98	81	101	110	112	103	100	91	85	85	85	93	96	89	70	79	90	91	72	68	78	93	84	69	68	78	92	81	74	68	95	125	111	106	106	91
131	93	107	119	97	77	92	82	127	128	84	84	90	97	105	96	83	100	128	107	87	99	101	87	113	114	129	96	92	115	122	125	109	126	126	105	107	107	104	95	107	123	141	131	106	92	120	103	111	98	112	122	102	116	134	124	98	95	111	123	104	116	148	118	119	127	119	89	72	100	95	100	121	116	103	98	80	86	101	122	106	85	89	92	105	104	106	110	99	109	103	99	92	79	92	100	90	66	81	86	69	83	92	98	89	86	70	79	92	87	79	73	83	93	85	72	61	73	93	84	78	68	97	111	108	96	108	74
125	98	128	91	86	74	96	87	118	130	95	93	101	77	97	89	93	114	128	110	97	96	89	88	99	104	124	113	96	114	125	125	112	117	118	97	97	99	96	91	104	116	116	122	126	95	106	95	109	108	124	134	113	94	132	118	94	101	122	127	79	100	144	117	113	119	116	94	69	69	59	94	113	93	74	108	73	84	108	120	115	69	81	92	96	94	105	100	94	104	87	88	89	75	84	95	86	59	80	89	67	69	105	101	96	82	77	69	82	79	74	78	68	83	84	80	72	80	93	82	72	82	92	77	113	99	108	68